강카길 67 78 84 99
최윤석 99 68 76 93
정하섭 79 72 85 88
최라사 65 81 69 92
강준카 73 79 98 76
정진섭 65 86 78 68
곽섭파 69 81 67 67
류파진 100 96 93 94
최나길 95 83 74 98
구아섭 65 67 68 97
유화카 87 98 99 95
유파석 76 96 76 68
적재바 86 71 84 89
정화길 70 85 75 96
김석나 78 95 100 93
고차파 82 82 66 97
구가화 99 100 66 88
류마가 81 86 100 90
적차진 79 99 87 85
유마사 94 80 80 72
강윤윤 75 90 94 70
손자형 99 91 86 78
최다자 70 89 65 66
류라타 78 91 65 83
곽타자 97 90 92 80
최라마 66 93 65 99
곽타다 77 81 98 99
곽타가 78 74 80 83
고진마 88 77 89 68
김차다 90 92 99 66
손사사 69 91 87 95
강준윤 98 67 75 81
이하가 82 80 82 99
송나자 99 86 74 80
정진사 90 75 99 88
유마카 71 99 97 86
적자카 76 72 76 71
유윤다 70 97 81 81
오타타 97 100 78 82
구바하 76 79 93 96
구화바 81 66 88 87
류아준 84 98 67 84
곽바아 79 70 82 74
고사라 69 84 72 98
송재바 90 90 87 77
정준차 71 74 82 85
최카석 73 76 82 75
류길차 85 76 74 98
정석카 86 71 82 90
곽하사 93 70 96 95
오사섭 90 98 96 80
정마가 98 82 80 76
최다차 96 74 91 74
류석바 100 93 65 82
김타카 87 99 100 83
김준길 96 70 90 65
정화라 87 69 66 72
강자하 69 74 76 65
박윤준 78 78 81 65
고카화 74 80 94 75
강준파 97 84 91 87
최형마 79 85 83 69
김다윤 83 82 95 91
김진파 73 76 69 93
강타길 67 91 84 92
이석바 96 88 97 83
유마카 83 95 73 74
구나윤 86 87 97 72
박진진 84 77 81 85
최다카 75 95 69 98
강섭화 97 71 81 72
정형바 89 90 86 75
강바진 91 76 65 84
김자석 90 81 83 90
구자윤 70 86 70 72
최윤나 67 86 79 70
박재재 81 72 97 89
송타가 66 95 94 97
곽바타 100 94 65 94
유준하 84 79 68 82
정진하 78 96 88 100
류다카 75 100 91 94
강준카 75 83 78 74
손재타 77 87 76 83
박형준 74 88 79 88
이길타 65 84 81 85
강재하 86 85 69 92
유파사 95 72 98 81
유가카 81 74 75 67
류재진 89 67 79 77
유사카 94 88 70 94
이차재 88 97 69 69
최재진 67 65 99 85
최사준 82 78 94 75
김라재 87 67 84 75
박사준 84 89 73 90
적타석 98 76 94 86
유라타 86 96 77 87
손윤라 90 73 70 71
손자재 86 97 100 82